MedCodeId
7965191000006118
7803731000006112
7803711000006118
7788661000006119
7695931000006118
7515151000006115
7382291000006112
7127661000006118
7061221000006119
6337501000006112
6337491000006116
6201561000006118
6000711000006112
5359021000006116
5106061000006117
5106051000006119
5024511000006118
5024071000006118
5023901000006110
4539971000006110
3767531000006119
3743451000006110
3700911000006115
3628471000006116
3606411000006115
3578861000006116
3578851000006118
3537261000006119
3531371000006112
3286331000006115
3192061000006110
3190221000006112
3153071000006116
3149661000006117
3140411000006112
3094951000006111
3087971000006112
3071801000006112
3071791000006111
3033261000006113
2993091000006116
2957311000006113
2914841000006115
2821731000006115
2798691000006112
2730011000000110
2729991000000112
2729751000000118
2724681000006112
2659601000000116
2620391000000111
2540711000006115
2391541000000115
2370061000000111
1976491000006113
1976411000006115
1976271000006113
1976251000006115
1976231000006110
1976211000006116
1976051000006112
1976021000006115
1975991000006112
1975981000006114
1972111000006114
1823881000006110
1785881000006119
1755911000006110
1755901000006112
1715781000006110
1715771000006112
1715191000006112
1715181000006114
1680571000006118
999911000006111
999901000006113
967791000006111
909681000006110
908731000006114
882831000006113
882821000006110
882811000006119
882681000006110
882671000006112
882421000006113
882401000006115
853871000006111
681801000000113
677321000006115
677031000006115
675861000006113
642461000006116
613791000006115
613781000006118
525921000006119
513861000006113
513721000006114
488211000006112
474171000006112
432511000006119
426991000006118
426981000006116
426971000006119
426961000006114
426951000006112
426941000006110
426931000006117
426921000006115
426911000006111
426891000006114
425751000006115
425691000006119
425561000006114
425501000006113
425411000006110
424681000006118
424671000006116
424651000006114
424641000006112
424631000006119
424571000006115
424561000006110
424551000006113
424541000006111
424531000006118
423611000006111
423141000006115
423131000006113
423041000006119
419841000006116
408601000000116
408581000000113
408561000000116
408541000000117
408521000000112
406881000000111
399961000006118
399841000006110
398841000006119
398561000006117
398351000006110
396781000006119
396771000006117
396081000006116
379781000006118
379771000006116
379431000006113
376751000006117
376741000006119
376721000006114
376711000006118
376701000006116
376691000006116
367061000006114
366561000006119
359121000006116
300711000000119
294621000000118
294081000000110
226581000000119
226411000000110
223741000000112
223651000000118
213641000000111
202561000006114
182801000006114
182771000006112
182721000006111
142541000006115
142521000006110
3517985017
2534096013
2534092010
2534091015
2533375017
2474716016
2474715017
1773563015
1488771018
1231868010
1222477019
441826016
410861011
401876017
401873013
401872015
401871010
401869010
401866015
401766011
369982012
346973011
346972018
296199015
296198011
296181011
296180012
296138013
296137015
295537016
295536013
295535012
295494011
294918011
294917018
294894013
294845013
294844012
294843018
294840015
294838013
294837015
294836012
294832014
294831019
294828015
294826016
294825017
294824018
294690018
294655014
294646011
294642013
251629019
138421012
8089301000006110
8100481000006111
8214741000006117
8232571000006118
8232591000006117
8237831000006115
8237851000006110
8308801000006112
8459471000006114
8459491000006110
8465321000006112
8465361000006118
9901161000006119
9901261000006114
9901281000006116
12127531000006113
12127541000006115
12127551000006118
12127561000006116
12127571000006111
12625101000006116
12626331000006116
12734331000006115
13716011000006116
13902421000006110
13962531000006113
13974501000006115
13974511000006117
14013791000006119
14357561000006116
14357571000006111
14452211000006113
14452261000006111
15048961000006116
